83.26 41.76
29.84 55.76
90.25 15.28
61.34 12.38
-38.44 73.89
-68.16 41.15
-4.78 84.45
61.52 -95.66
-35.82 1.82
20.83 -35.88
-58.53 15.93
-41.82 -57.36
55.15 -86.01
44.47 -73.37
95.42 55.26
-5.76 45.12
-13.37 34.19
9.41 -44.64
-44.31 -79.19
-84.23 0.51
-39.51 -6.71
-79.12 45.05
-58.81 -0.87
-45.15 -71.99
94.52 -13.68
-41.49 13.06
12.09 43.55
6.01 -38.35
-37.61 -13.46
-76.26 -90.52
-28.21 45.35
-77.38 -26.64
-77.25 32.92
48.63 -5.37
-97.13 -4.03
-4.91 -79.12
93.06 29.97
-1.15 46.85
5.85 -58.32
-79.62 -97.85
-35.44 -4.99
83.02 -79.48
-70.51 -9.44
-15.02 -28.99
61.23 88.34
-59.19 49.56
28.71 25.64
25.32 41.88
31.57 5.29
37.96 -81.06
20.27 -6.56
-0.31 3.46
64.14 -16.44
-39.4 91.61
74.96 -83.44
-38.46 63.96
-40.02 94.87
-90.84 20.44
37.23 49.67
-62.83 -7.77
91.66 63.87
-21.48 22.9
3.47 -2.71
-80.94 -60.62
-58.57 84.84
2.31 -91.61
-15.58 34.45
90.89 67.62
73.51 91.47
-90.82 92.74
90.4 89.59
-95.78 -94.09
53.41 53.32
-23.3 87.89
-26.06 9.32
95.91 -64.79
-64.58 -45.9
86.29 94.88
58.16 43.08
-81.3 49.7
44.39 40.71
-19.62 38.94
-89.74 6.64
5.64 48.96
-50.23 -93.74
-11.29 29.46
-66.93 -91.87
60.64 -67.39
13.91 6.17
7.41 -8.18
-10.24 -30.67
20.23 -68.29
-21.29 49.27
46.66 96.48
-9.68 13.13
-63.19 -6.96
-40.63 -30.36
70.18 -47.93
